1 0 3 2
1 0 4 2
1 0 5 2
1 0 7 2
1 0 8 2
1 0 10 2
1 0 12 2
2 0 3 2
2 0 4 2
2 0 5 2
2 0 7 2
2 0 8 2
2 0 10 2
2 0 12 2
3 0 3 2
3 0 4 2
3 0 5 2
3 0 7 2
3 0 8 2
3 0 10 2
3 0 12 2
4 0 3 2
4 0 4 2
4 0 5 2
4 0 7 2
4 0 8 2
4 0 10 2
4 0 12 2
5 0 3 2
5 0 4 2
5 0 5 2
5 0 7 2
5 0 8 2
5 0 10 2
5 0 12 2
6 0 2 2
6 0 3 2
6 0 5 2
6 0 6 2
6 0 9 2
6 0 10 2
6 0 14 2
6 0 15 2
7 0 2 2
7 0 3 2
7 0 5 2
7 0 6 2
7 0 9 2
7 0 10 2
7 0 14 2
7 0 15 2
8 0 2 2
8 0 3 2
8 0 5 2
8 0 6 2
8 0 9 2
8 0 10 2
8 0 14 2
8 0 15 2
9 0 2 2
9 0 3 2
9 0 5 2
9 0 6 2
9 0 9 2
9 0 10 2
9 0 14 2
9 0 15 2
10 0 2 2
10 0 3 2
10 0 5 2
10 0 6 2
10 0 9 2
10 0 10 2
10 0 14 2
10 0 15 2
11 0 1 2
11 0 2 2
11 0 3 2
11 0 9 2
11 0 11 2
11 0 12 2
11 0 13 2
11 0 14 2
11 0 15 2
12 0 1 2
12 0 2 2
12 0 3 2
12 0 9 2
12 0 11 2
12 0 12 2
12 0 13 2
12 0 14 2
12 0 15 2
13 0 1 2
13 0 2 2
13 0 3 2
13 0 9 2
13 0 11 2
13 0 12 2
13 0 13 2
13 0 14 2
13 0 15 2
14 0 1 2
14 0 2 2
14 0 3 2
14 0 9 2
14 0 11 2
14 0 12 2
14 0 13 2
14 0 14 2
14 0 15 2
15 0 1 2
15 0 2 2
15 0 3 2
15 0 9 2
15 0 11 2
15 0 12 2
15 0 13 2
15 0 14 2
15 0 15 2
16 0 1 2
16 0 2 2
16 0 3 2
16 0 4 2
16 0 5 2
16 0 6 2
16 0 7 2
16 0 8 2
16 0 9 2
16 0 10 2
16 0 11 2
16 0 12 2
16 0 13 2
16 0 14 2
16 0 15 2
17 0 1 2
17 0 2 2
17 0 3 2
17 0 4 2
17 0 5 2
17 0 6 2
17 0 7 2
17 0 8 2
17 0 9 2
17 0 10 2
17 0 11 2
17 0 12 2
17 0 13 2
17 0 14 2
17 0 15 2
18 0 1 2
18 0 2 2
18 0 3 2
18 0 4 2
18 0 5 2
18 0 6 2
18 0 7 2
18 0 8 2
18 0 9 2
18 0 10 2
18 0 11 2
18 0 12 2
18 0 13 2
18 0 14 2
18 0 15 2
19 0 1 2
19 0 2 2
19 0 3 2
19 0 4 2
19 0 5 2
19 0 6 2
19 0 7 2
19 0 8 2
19 0 9 2
19 0 10 2
19 0 11 2
19 0 12 2
19 0 13 2
19 0 14 2
19 0 15 2
20 0 1 2
20 0 2 2
20 0 3 2
20 0 4 2
20 0 5 2
20 0 6 2
20 0 7 2
20 0 8 2
20 0 9 2
20 0 10 2
20 0 11 2
20 0 12 2
20 0 13 2
20 0 14 2
20 0 15 2
21 0 12 2
21 0 12 1
22 0 5 1
23 0 8 1
24 0 15 2
24 0 15 1
25 0 1 1
25 0 2 1
25 0 3 1
25 0 4 2
25 0 4 1
25 0 5 1
25 0 5 2
25 0 6 1
25 0 7 1
25 0 7 2
25 0 8 2
25 0 8 1
25 0 9 1
25 0 10 2
25 0 10 1
25 0 11 1
25 0 12 1
25 0 12 2
25 0 13 1
25 0 14 1
25 0 15 1
26 0 1 1
26 0 2 1
26 0 2 2
26 0 3 2
26 0 4 1
26 0 5 2
26 0 5 1
26 0 6 2
26 0 6 1
26 0 7 1
26 0 8 1
26 0 9 2
26 0 9 1
26 0 10 1
26 0 11 1
26 0 12 1
26 0 13 1
26 0 14 2
26 0 14 1
26 0 15 2
26 0 15 1
27 0 1 1
27 0 1 2
27 0 2 1
27 0 2 2
27 0 3 1
27 0 4 1
27 0 5 1
27 0 6 1
27 0 7 1
27 0 8 1
27 0 9 1
27 0 10 1
27 0 11 1
27 0 12 1
27 0 12 2
27 0 13 1
27 0 14 2
27 0 14 1
27 0 15 1
27 0 15 2
28 0 1 1
28 0 1 2
28 0 2 1
28 0 2 2
28 0 3 1
28 0 4 1
28 0 5 1
28 0 6 1
28 0 7 1
28 0 8 1
28 0 9 1
28 0 10 1
28 0 11 1
28 0 12 1
28 0 12 2
28 0 13 1
28 0 14 2
28 0 14 1
28 0 15 1
28 0 15 2
29 0 1 1
29 0 2 1
29 0 2 2
29 0 3 2
29 0 4 1
29 0 5 2
29 0 5 1
29 0 6 2
29 0 6 1
29 0 7 1
29 0 8 1
29 0 9 2
29 0 9 1
29 0 10 1
29 0 11 1
29 0 12 1
29 0 13 1
29 0 14 2
29 0 14 1
29 0 15 2
29 0 15 1
30 0 3 2
30 0 4 2
30 0 5 2
30 0 7 2
30 0 8 2
30 0 10 2
30 0 12 2